<?xml version="1.0"?>
<opencv_storage>
<primary>
  <index>2</index>
  <camera_matrix type_id="opencv-matrix">
    <rows>3</rows>
    <cols>3</cols>
    <dt>d</dt>
    <data>
      5.0302524704485091e+02 0. 2.9515488026952636e+02 0.
      5.0302524704485091e+02 2.5238918765137720e+02 0. 0. 1.</data></camera_matrix>
  <dist_coeffs type_id="opencv-matrix">
    <rows>1</rows>
    <cols>5</cols>
    <dt>d</dt>
    <data>
      1.3721608796358808e-01 -1.7857317441546872e-01 0. 0. 0.</data></dist_coeffs>
  <rms>1.0566693409159758e-01</rms></primary>
<secondary>
  <index>0</index>
  <camera_matrix type_id="opencv-matrix">
    <rows>3</rows>
    <cols>3</cols>
    <dt>d</dt>
    <data>
      5.0151090839328737e+02 0. 2.9995426774464579e+02 0.
      5.0151090839328737e+02 2.5392305168506351e+02 0. 0. 1.</data></camera_matrix>
  <dist_coeffs type_id="opencv-matrix">
    <rows>1</rows>
    <cols>5</cols>
    <dt>d</dt>
    <data>
      1.6497735864959881e-01 -2.4823697214319629e-01 0. 0. 0.</data></dist_coeffs>
  <rms>1.0149867038621625e-01</rms></secondary>
<stereo>
  <epi>3.9899387911657536e-01</epi>
  <R type_id="opencv-matrix">
    <rows>3</rows>
    <cols>3</cols>
    <dt>d</dt>
    <data>
      9.9914145998090453e-01 -3.2214539019648755e-02
      2.6049307533561453e-02 3.2995697266628973e-02
      9.9900106728233551e-01 -3.0135552602259731e-02
      -2.5052483092809524e-02 3.0969195089735828e-02
      9.9920632606403093e-01</data></R>
  <T type_id="opencv-matrix">
    <rows>3</rows>
    <cols>1</cols>
    <dt>d</dt>
    <data>
      -1.3593158897208099e+02 -2.6268641408777573e+00
      2.0066634720404912e+00</data></T>
  <E type_id="opencv-matrix">
    <rows>3</rows>
    <cols>3</cols>
    <dt>d</dt>
    <data>
      -4.0179096300300976e-04 -2.0860108182980022e+00
      -2.5643073546591015e+00 -1.4004831633569048e+00
      4.1450481590148067e+00 1.3587597580673852e+02
      -1.8605486858065388e+00 -1.3588042567785828e+02
      4.1648015416315056e+00</data></E>
  <F type_id="opencv-matrix">
    <rows>3</rows>
    <cols>3</cols>
    <dt>d</dt>
    <data>
      -2.5764020449647157e-10 -1.3376116022901277e-06
      -4.8945441015329127e-04 -8.9803107044604063e-07
      2.6579270159650114e-06 4.3421648645603189e-02
      -3.7021382167726761e-04 -4.3970599256259353e-02 1.</data></F></stereo>
<record>
  <rms>
    9.2381030496782562e-02 9.9203781770648425e-02 1.0360376694524143e-01</rms>
  <epi>
    4.1141855740755512e-01 4.0408728054717502e-01 3.9899387911657536e-01</epi>
  <primary>
    <F>
      5.0278939924644106e+02 5.0297345426410095e+02
      5.0302524704485091e+02</F>
    <K1>
      1.3636066768091865e-01 1.3686853986651670e-01
      1.3721608796358808e-01</K1>
    <K2>
      -1.7577332256852421e-01 -1.7799999413518303e-01
      -1.7857317441546872e-01</K2></primary>
  <secondary>
    <F>
      5.0118141237971975e+02 5.0162998485369059e+02
      5.0151090839328737e+02</F>
    <K1>
      1.6098549422516714e-01 1.6247590473077789e-01
      1.6497735864959881e-01</K1>
    <K2>
      -2.3048911498787053e-01 -2.3580278167474575e-01
      -2.4823697214319629e-01</K2></secondary></record>
</opencv_storage>
